marker_length: 0.1627
markers:
  - id: 1
    u: 1
    f: 1
    xyz: [1, 0, 0.5]
    rpy: [1.570796326794896, -0, -1.570796326794896]
  
