image_width: 960
image_height: 720
camera_name: tello_camera
camera_matrix:
  rows: 3
  cols: 3
  data: [1039.90969,    0.     ,  505.04942,
            0.     , 1029.68117,  316.88949,
            0.     ,    0.     ,    1.     ]
distortion_model: plumb_bob
distortion_coefficients:
  rows: 1
  cols: 5
  data: [0.102371, 0.229403, -0.014238, 0.011875, 0.000000]
rectification_matrix:
  rows: 3
  cols: 3
  data: [1., 0., 0.,
         0., 1., 0.,
         0., 0., 1.]
projection_matrix:
  rows: 3
  cols: 4
  data: [1093.38257,    0.     ,  510.02509,    0.     ,
            0.     , 1083.78833,  311.54789,    0.     ,
            0.     ,    0.     ,    1.     ,    0.     ]
